125
130
120
125
128
120
125
117
130
134
128
126
128
126
120
127
109
126
136
128
134
117
122
128
128
128
131
123
130
123
128
117
110
128
128
117
130
123
110
126
134
126
126
131
115
122
125
124
134
123
127
116
107
129
127
120
127
130
125
123
115
128
129
116
129
134
124
115
107
122
127
120
128
121
114
125
126
121
125
130
126
129
114
125
129
123
129
123
125
125
120
137
122
119
118
125
121
133
129
117
114
127
119
126
130
121
110
104
123
137
119
127
120
124
127
125
116
130
128
129
132
124
128
132
119
132
136
133
125
113
117
132
132
123
124
119
131
114
129
124
132
132
128
132
112
130
133
128
125
122
130
122
120
128
119
112
117
137
126
122
128
124
141
123
113
124
128
130
122
134
127
114
117
121
116
121
128
120
133
126
113
127
119
127
125
113
122
129
117
130
129
130
126
111
118
131
121
121
130
122
120
126
116
113
129
131
126
127
126
124
128
127
130
118
117
118
122
117
120
127
116
129
128
129
119
130
119
126
131
126
131
128
132
125
115
126
128
125
129
136
128
121
126
129
117
128
115
135
122
120
130
130
126
118
126
130
118
127
109
118
109
120
126
115
129
121
127
119
128
123
126
127
115
129
124
114
125
126
117
135
131
127
127
128
132
126
132
129
127
121
121
128
128
129
108
122
131
115
130
115
124
