77
43
55
31
39
39
5
33
28
27
71
9
34
24
45
19
56
40
62
10
5
35
4
24
60
40
17
51
43
35
16
20
43
14
11
50
10
39
24
28
58
45
12
52
53
31
8
55
43
9
31
9
14
33
19
16
30
43
15
37
47
34
32
37
37
28
13
13
50
28
23
28
37
37
50
16
9
9
34
24
34
35
17
52
13
25
34
48
42
27
30
30
26
47
31
35
21
19
17
38
30
16
60
31
66
34
40
34
45
23
30
22
37
48
37
34
46
27
10
77
32
24
28
16
44
44
40
37
64
13
42
47
22
27
42
30
35
38
32
26
36
48
11
51
30
17
42
23
58
40
31
71
10
42
47
44
23
48
48
39
41
19
40
49
56
32
35
38
51
31
14
41
15
38
43
16
39
48
19
65
10
36
16
32
39
59
43
44
77
75
23
50
47
40
60
51
37
31
14
64
45
10
28
37
52
45
